11111111110
11111111110
11111111111
11111111111
00001111100

000 000 000 000 000 000 000 000 000 110
011 111 110 010 011 111 111 110 111 111
011 111 110 010 010 110 011 010 010 011

011 111 110 010 011 111 111 110 110 011
011 111 110 010 011 111 111 110 111 111
011 111 110 010 010 110 011 010 010 010

011 111 110 010 010 110 011 010 010 010 010
011 111 110 010 011 111 111 110 111 111 111
000 000 000 000 011 111 111 110 111 011 110

000 000 000 000 010 110 011 010 010 011 110
011 111 110 010 011 111 111 110 111 111 111
000 000 000 000 000 000 000 000 000 010 010

000 000 000 000 010 110 011 010 010
000 000 000 000 011 111 111 110 111
000 000 000 000 010 110 011 010 010
